TH2 : 0.01523277
TH3: 0.03039064
TH2_MI:-0.00542000
TH3_MI:0.03863623
TH2_TH:0.06030415
TH3_TH:0.00423726